大连商品交易所_日成交持仓排名_20260917
名次	会员简称	成交量	增减	名次	会员简称	持买单量	增减	名次	会员简称	持卖单量	增减
1       	国泰君安（代客）	504,762 	-42,460 	1       	国泰君安（代客）	289,073 	9,831   	1       	中粮期货（代客）	626,336 	862     
2       	中信期货（代客）	407,621 	18,058  	2       	中信期货（代客）	274,911 	502     	2       	国投期货（代客）	342,307 	3,540   
3       	东证期货（代客）	333,720 	-37,692 	3       	东证期货（代客）	225,709 	-4,709  	3       	东证期货（代客）	191,835 	8,595   
4       	广发期货（代客）	116,963 	-22,273 	4       	高盛期货（代客）	170,705 	4,584   	4       	国泰君安（代客）	147,003 	-3,786  
5       	中泰期货（代客）	101,901 	31,035  	5       	银河期货（代客）	127,860 	1,110   	5       	广发期货（代客）	143,749 	11,605  
6       	华泰期货（代客）	77,534  	-23,368 	6       	永安期货（代客）	120,520 	-1,774  	6       	华泰期货（代客）	105,580 	-742    
7       	南华期货（代客）	76,775  	-12,981 	7       	一德期货（代客）	93,224  	-31,849 	7       	中信期货（代客）	101,954 	509     
8       	国联期货（代客）	74,179  	-8,638  	8       	中信建投（代客）	76,083  	-459    	8       	永安期货（代客）	98,927  	1,173   
9       	银河期货（代客）	74,157  	-36,535 	9       	广发期货（代客）	71,336  	5,928   	9       	中泰期货（代客）	66,546  	2,994   
10      	海通期货（代客）	69,482  	9,584   	10      	国投期货（代客）	63,601  	1,966   	10      	摩根大通（代客）	62,630  	-130    
11      	华闻期货（代客）	54,486  	-983    	11      	摩根大通（代客）	62,124  	-7,811  	11      	中金财富（代客）	51,861  	-1,179  
12      	一德期货（代客）	49,128  	32,616  	12      	南华期货（代客）	58,430  	-581    	12      	长江期货（代客）	46,414  	-805    
13      	中信建投（代客）	44,611  	-6,193  	13      	海通期货（代客）	54,971  	458     	13      	银河期货（代客）	46,143  	833     
14      	永安期货（代客）	37,961  	-6,490  	14      	华泰期货（代客）	51,263  	-20     	14      	国贸期货（代客）	43,711  	673     
15      	中粮期货（代客）	35,634  	-9,244  	15      	中粮期货（代客）	49,523  	1,160   	15      	海通期货（代客）	40,264  	1,394   
16      	光大期货（代客）	34,341  	14,753  	16      	中泰期货（代客）	47,123  	575     	16      	建信期货（代客）	39,203  	-114    
17      	徽商期货（代客）	34,329  	-11,423 	17      	北京首创（代客）	46,973  	19,675  	17      	大地期货（代客）	38,393  	-272    
18      	方正中期（代客）	32,047  	-2,243  	18      	国富期货（代客）	44,561  	-469    	18      	宏源期货（代客）	37,778  	925     
19      	瑞达期货（代客）	31,532  	-13,591 	19      	中金财富（代客）	41,820  	3,214   	19      	南华期货（代客）	30,885  	508     
20      	东吴期货（代客）	31,147  	663     	20      	招商期货（代客）	39,283  	1,689   	20      	新湖期货（代客）	26,800  	850     
合计      		2,222,310	-127,405	合计      		2,009,093	3,020   	合计      		2,288,319	27,433  