大连商品交易所_日成交持仓排名_20260921
名次	会员简称	成交量	增减	名次	会员简称	持买单量	增减	名次	会员简称	持卖单量	增减
1       	国泰君安（代客）	339,611 	-272,229	1       	国泰君安（代客）	284,952 	2,591   	1       	中粮期货（代客）	582,599 	-9,087  
2       	东证期货（代客）	327,575 	-106,889	2       	中信期货（代客）	241,961 	-7,626  	2       	国投期货（代客）	322,680 	-3,386  
3       	中信期货（代客）	237,604 	-183,203	3       	东证期货（代客）	198,939 	-9,133  	3       	东证期货（代客）	185,494 	-1,820  
4       	广发期货（代客）	101,188 	-56,322 	4       	高盛期货（代客）	169,792 	-6,050  	4       	国泰君安（代客）	150,637 	2,184   
5       	中泰期货（代客）	86,895  	-25,289 	5       	银河期货（代客）	121,826 	1,534   	5       	广发期货（代客）	126,338 	-856    
6       	海通期货（代客）	83,222  	-55,034 	6       	永安期货（代客）	114,122 	-1,247  	6       	中信期货（代客）	109,709 	328     
7       	华闻期货（代客）	70,701  	-13,639 	7       	中信建投（代客）	82,294  	1,993   	7       	华泰期货（代客）	80,691  	-13,346 
8       	华泰期货（代客）	63,455  	-34,579 	8       	广发期货（代客）	67,379  	-144    	8       	永安期货（代客）	74,758  	-2,477  
9       	南华期货（代客）	61,241  	-27,412 	9       	一德期货（代客）	63,779  	1,546   	9       	中泰期货（代客）	59,529  	-199    
10      	国联期货（代客）	55,301  	-34,146 	10      	南华期货（代客）	63,109  	1,221   	10      	摩根大通（代客）	56,227  	-7,935  
11      	银河期货（代客）	44,595  	-31,454 	11      	摩根大通（代客）	57,093  	47      	11      	国贸期货（代客）	43,185  	201     
12      	中粮期货（代客）	38,798  	-49,156 	12      	北京首创（代客）	56,525  	1,007   	12      	银河期货（代客）	43,071  	-229    
13      	永安期货（代客）	31,890  	-29,547 	13      	国投期货（代客）	52,768  	-3,381  	13      	海通期货（代客）	41,029  	-557    
14      	中信建投（代客）	30,371  	-20,585 	14      	中粮期货（代客）	52,440  	-3,863  	14      	中金财富（代客）	37,676  	-2,976  
15      	浙商期货（代客）	29,340  	-19,365 	15      	华泰期货（代客）	46,629  	-789    	15      	大地期货（代客）	37,602  	-1,215  
16      	国投期货（代客）	28,561  	-37,678 	16      	国富期货（代客）	44,774  	540     	16      	建信期货（代客）	35,483  	26      
17      	徽商期货（代客）	26,711  	-16,454 	17      	海通期货（代客）	41,942  	-2,175  	17      	宏源期货（代客）	34,787  	-786    
18      	五矿期货（代客）	25,297  	-12,999 	18      	中泰期货（代客）	39,807  	-4,690  	18      	浙商期货（代客）	28,522  	7,537   
19      	瑞达期货（代客）	24,548  	-19,135 	19      	招商期货（代客）	37,792  	1,805   	19      	南华期货（代客）	27,964  	534     
20      	国信期货（代客）	24,086  	-19,268 	20      	中金财富（代客）	37,019  	-2,391  	20      	新湖期货（代客）	26,588  	523     
合计      		1,730,990	-1,064,383	合计      		1,874,942	-29,205 	合计      		2,104,569	-33,536 