大连商品交易所_日成交持仓排名_20260907
名次	会员简称	成交量	增减	名次	会员简称	持买单量	增减	名次	会员简称	持卖单量	增减
1       	国泰君安（代客）	443,173 	-63,140 	1       	国泰君安（代客）	259,605 	-2,338  	1       	中粮期货（代客）	637,452 	-353    
2       	东证期货（代客）	345,538 	-83,845 	2       	中信期货（代客）	257,099 	-10,730 	2       	国投期货（代客）	359,923 	-2,657  
3       	中信期货（代客）	257,169 	-61,188 	3       	东证期货（代客）	205,706 	-26,765 	3       	东证期货（代客）	185,016 	877     
4       	中泰期货（代客）	150,281 	6,082   	4       	高盛期货（代客）	165,662 	162     	4       	国泰君安（代客）	150,973 	-7,443  
5       	华闻期货（代客）	87,055  	-19,766 	5       	银河期货（代客）	136,509 	3,828   	5       	广发期货（代客）	132,650 	7,785   
6       	广发期货（代客）	81,818  	-61,850 	6       	永安期货（代客）	105,976 	-1,289  	6       	永安期货（代客）	111,539 	1,683   
7       	南华期货（代客）	71,379  	-20,297 	7       	一德期货（代客）	104,132 	826     	7       	中信期货（代客）	102,232 	-3,989  
8       	海通期货（代客）	67,733  	-29,039 	8       	广发期货（代客）	76,383  	1,565   	8       	华泰期货（代客）	98,827  	-6,097  
9       	华泰期货（代客）	64,495  	-30,023 	9       	南华期货（代客）	65,886  	1,150   	9       	摩根大通（代客）	65,587  	-1,368  
10      	银河期货（代客）	60,216  	-22,114 	10      	摩根大通（代客）	65,180  	-10,171 	10      	中金财富（代客）	52,303  	1,948   
11      	中粮期货（代客）	48,898  	-5,425  	11      	中信建投（代客）	65,002  	939     	11      	长江期货（代客）	47,195  	-3,218  
12      	国联期货（代客）	42,410  	-20,097 	12      	国投期货（代客）	62,541  	641     	12      	海通期货（代客）	42,833  	-2,423  
13      	方正中期（代客）	38,149  	-567    	13      	华泰期货（代客）	58,569  	-2,514  	13      	国贸期货（代客）	40,604  	203     
14      	徽商期货（代客）	35,310  	-4,525  	14      	海通期货（代客）	58,525  	-2,870  	14      	中泰期货（代客）	38,600  	-2,093  
15      	东吴期货（代客）	34,051  	-15,250 	15      	中粮期货（代客）	45,985  	1,975   	15      	宏源期货（代客）	38,514  	-2,537  
16      	中信建投（代客）	33,824  	-14,617 	16      	中金财富（代客）	45,159  	-5,913  	16      	大地期货（代客）	37,665  	-1,679  
17      	瑞达期货（代客）	28,556  	-7,516  	17      	中泰期货（代客）	45,108  	-5,568  	17      	建信期货（代客）	36,036  	-1,685  
18      	永安期货（代客）	28,054  	-24,929 	18      	国富期货（代客）	43,418  	575     	18      	南华期货（代客）	32,885  	11,249  
19      	一德期货（代客）	27,218  	10,962  	19      	宏源期货（代客）	40,030  	-442    	19      	银河期货（代客）	32,714  	-3,446  
20      	招商期货（代客）	27,151  	-15,093 	20      	招商期货（代客）	38,418  	-1,990  	20      	五矿期货（代客）	23,334  	-45     
合计      		1,972,478	-482,237	合计      		1,944,893	-58,929 	合计      		2,266,882	-15,288 