大连商品交易所_日成交持仓排名_20260914
名次	会员简称	成交量	增减	名次	会员简称	持买单量	增减	名次	会员简称	持卖单量	增减
1       	国泰君安（代客）	591,433 	-65,764 	1       	中信期货（代客）	250,861 	1,075   	1       	中粮期货（代客）	611,150 	-18,063 
2       	东证期货（代客）	405,414 	-34,006 	2       	国泰君安（代客）	246,692 	5,770   	2       	国投期货（代客）	340,637 	-8,949  
3       	中信期货（代客）	309,944 	-42,674 	3       	东证期货（代客）	209,398 	4,070   	3       	东证期货（代客）	192,281 	-8,840  
4       	广发期货（代客）	162,601 	-5,823  	4       	高盛期货（代客）	164,469 	-236    	4       	国泰君安（代客）	143,241 	1,089   
5       	华泰期货（代客）	106,461 	-457    	5       	银河期货（代客）	123,327 	-6,391  	5       	广发期货（代客）	126,217 	-2,372  
6       	国联期货（代客）	86,124  	-13,721 	6       	一德期货（代客）	118,519 	1,275   	6       	中信期货（代客）	97,828  	-7,071  
7       	南华期货（代客）	85,540  	-9,101  	7       	永安期货（代客）	112,506 	-3,264  	7       	华泰期货（代客）	91,694  	-4,552  
8       	华闻期货（代客）	82,987  	-22,027 	8       	中信建投（代客）	75,176  	-2,119  	8       	永安期货（代客）	83,457  	1,653   
9       	银河期货（代客）	75,198  	-3,011  	9       	广发期货（代客）	69,465  	-4,974  	9       	摩根大通（代客）	63,043  	174     
10      	中粮期货（代客）	71,163  	13,246  	10      	摩根大通（代客）	67,111  	1,999   	10      	中金财富（代客）	51,007  	465     
11      	海通期货（代客）	66,428  	-11,052 	11      	南华期货（代客）	67,028  	1,835   	11      	中泰期货（代客）	44,471  	-6,018  
12      	中泰期货（代客）	58,609  	-24,323 	12      	海通期货（代客）	56,094  	-300    	12      	国贸期货（代客）	40,603  	-720    
13      	中信建投（代客）	49,729  	-14,482 	13      	国投期货（代客）	52,725  	-5,551  	13      	银河期货（代客）	38,633  	99      
14      	永安期货（代客）	46,147  	7,103   	14      	中粮期货（代客）	49,337  	412     	14      	海通期货（代客）	38,578  	-352    
15      	五矿期货（代客）	44,199  	1,157   	15      	华泰期货（代客）	45,010  	-1,393  	15      	大地期货（代客）	37,969  	875     
16      	徽商期货（代客）	42,060  	-10,095 	16      	国富期货（代客）	44,635  	-1,591  	16      	宏源期货（代客）	36,842  	471     
17      	瑞达期货（代客）	38,055  	1,314   	17      	中泰期货（代客）	40,080  	-1,761  	17      	建信期货（代客）	34,628  	-542    
18      	国投期货（代客）	35,896  	14,305  	18      	中金财富（代客）	37,932  	-3,386  	18      	长江期货（代客）	32,222  	-6,395  
19      	兴业期货（代客）	33,966  	19,804  	19      	瑞银期货（代客）	36,968  	503     	19      	五矿期货（代客）	24,579  	462     
20      	方正中期（代客）	33,565  	-1,728  	20      	招商期货（代客）	33,915  	1,737   	20      	南华期货（代客）	21,261  	1,623   
合计      		2,425,519	-201,335	合计      		1,901,248	-12,290 	合计      		2,150,341	-56,963 