大连商品交易所_日成交持仓排名_20260908
名次	会员简称	成交量	增减	名次	会员简称	持买单量	增减	名次	会员简称	持卖单量	增减
1       	国泰君安（代客）	403,003 	-40,170 	1       	国泰君安（代客）	262,423 	2,818   	1       	中粮期货（代客）	641,011 	3,559   
2       	东证期货（代客）	338,967 	-6,571  	2       	中信期货（代客）	249,417 	-7,682  	2       	国投期货（代客）	364,909 	4,986   
3       	中信期货（代客）	263,008 	5,839   	3       	东证期货（代客）	208,444 	2,738   	3       	东证期货（代客）	178,067 	-6,949  
4       	中泰期货（代客）	123,835 	-26,446 	4       	高盛期货（代客）	163,691 	-1,971  	4       	国泰君安（代客）	148,446 	-2,527  
5       	广发期货（代客）	112,422 	30,604  	5       	银河期货（代客）	133,714 	-2,795  	5       	广发期货（代客）	132,112 	-538    
6       	华闻期货（代客）	92,890  	5,835   	6       	永安期货（代客）	112,059 	6,083   	6       	永安期货（代客）	110,297 	-1,242  
7       	华泰期货（代客）	78,429  	13,934  	7       	一德期货（代客）	93,043  	-11,089 	7       	中信期货（代客）	103,612 	1,380   
8       	南华期货（代客）	76,212  	4,833   	8       	广发期货（代客）	76,951  	568     	8       	华泰期货（代客）	97,054  	-1,773  
9       	银河期货（代客）	72,495  	12,279  	9       	中信建投（代客）	67,936  	2,934   	9       	摩根大通（代客）	65,296  	-291    
10      	国联期货（代客）	70,578  	28,168  	10      	摩根大通（代客）	67,252  	2,072   	10      	中金财富（代客）	52,234  	-69     
11      	海通期货（代客）	66,532  	-1,201  	11      	南华期货（代客）	65,554  	-332    	11      	海通期货（代客）	46,034  	3,201   
12      	永安期货（代客）	44,487  	16,433  	12      	国投期货（代客）	62,228  	-313    	12      	长江期货（代客）	45,795  	-1,400  
13      	宝城期货（代客）	38,377  	20,502  	13      	海通期货（代客）	59,240  	715     	13      	国贸期货（代客）	40,734  	130     
14      	中粮期货（代客）	38,264  	-10,634 	14      	华泰期货（代客）	57,679  	-890    	14      	中泰期货（代客）	38,734  	134     
15      	方正中期（代客）	37,271  	-878    	15      	中金财富（代客）	45,578  	419     	15      	建信期货（代客）	36,874  	838     
16      	中信建投（代客）	36,648  	2,824   	16      	中泰期货（代客）	43,659  	-1,449  	16      	大地期货（代客）	36,740  	-925    
17      	一德期货（代客）	35,936  	8,718   	17      	招商期货（代客）	43,406  	4,988   	17      	宏源期货（代客）	36,586  	-1,928  
18      	徽商期货（代客）	33,162  	-2,148  	18      	中粮期货（代客）	43,366  	-2,619  	18      	银河期货（代客）	32,434  	-280    
19      	东吴期货（代客）	29,744  	-4,307  	19      	国富期货（代客）	42,326  	-1,092  	19      	五矿期货（代客）	24,188  	854     
20      	国投期货（代客）	28,119  	7,081   	20      	宏源期货（代客）	40,071  	41      	20      	国信期货（代客）	22,243  	-214    
合计      		2,020,379	64,695  	合计      		1,938,037	-6,856  	合计      		2,253,400	-3,054  