大连商品交易所_日成交持仓排名_20260901
名次	会员简称	成交量	增减	名次	会员简称	持买单量	增减	名次	会员简称	持卖单量	增减
1       	国泰君安（代客）	597,243 	7,252   	1       	中信期货（代客）	270,197 	2,990   	1       	中粮期货（代客）	665,717 	5,331   
2       	东证期货（代客）	424,102 	120,899 	2       	国泰君安（代客）	257,926 	14,687  	2       	国投期货（代客）	365,297 	13,420  
3       	中信期货（代客）	308,263 	9,804   	3       	东证期货（代客）	220,155 	2,512   	3       	东证期货（代客）	188,053 	-7,258  
4       	中泰期货（代客）	177,436 	13,699  	4       	高盛期货（代客）	158,298 	5,503   	4       	国泰君安（代客）	151,106 	8,174   
5       	华泰期货（代客）	132,913 	38,101  	5       	银河期货（代客）	120,800 	-5,096  	5       	广发期货（代客）	135,815 	-807    
6       	广发期货（代客）	127,423 	33,125  	6       	永安期货（代客）	112,047 	2,506   	6       	中信期货（代客）	108,057 	2,331   
7       	南华期货（代客）	85,659  	19,981  	7       	一德期货（代客）	94,785  	1,230   	7       	华泰期货（代客）	96,053  	8,059   
8       	海通期货（代客）	82,274  	23,156  	8       	广发期货（代客）	82,579  	-814    	8       	永安期货（代客）	94,191  	7       
9       	银河期货（代客）	78,097  	13,378  	9       	摩根大通（代客）	77,767  	6,501   	9       	摩根大通（代客）	67,092  	500     
10      	华闻期货（代客）	71,923  	22,464  	10      	南华期货（代客）	66,901  	-23     	10      	中金财富（代客）	50,655  	231     
11      	国联期货（代客）	63,520  	9,155   	11      	国投期货（代客）	60,706  	1,466   	11      	长江期货（代客）	45,958  	4,433   
12      	中粮期货（代客）	57,035  	-2,687  	12      	中信建投（代客）	58,027  	-1,782  	12      	海通期货（代客）	42,769  	-1,084  
13      	中信建投（代客）	49,203  	7,483   	13      	海通期货（代客）	53,664  	1,344   	13      	宏源期货（代客）	40,076  	898     
14      	国投期货（代客）	46,214  	20,745  	14      	中金财富（代客）	49,572  	1,317   	14      	国贸期货（代客）	37,851  	751     
15      	兴业期货（代客）	44,634  	-5,360  	15      	华泰期货（代客）	48,792  	-2,174  	15      	银河期货（代客）	37,652  	-115    
16      	徽商期货（代客）	41,677  	6,961   	16      	中泰期货（代客）	46,639  	1,092   	16      	大地期货（代客）	34,301  	-84     
17      	永安期货（代客）	40,747  	11,648  	17      	中粮期货（代客）	45,905  	4,030   	17      	中泰期货（代客）	33,895  	-3,926  
18      	五矿期货（代客）	39,510  	19,267  	18      	招商期货（代客）	41,973  	2,327   	18      	建信期货（代客）	32,581  	684     
19      	宏源期货（代客）	38,563  	18,531  	19      	瑞银期货（代客）	36,265  	525     	19      	国信期货（代客）	27,141  	1,474   
20      	国信期货（代客）	38,065  	6,716   	20      	国富期货（代客）	35,523  	475     	20      	五矿期货（代客）	22,545  	1,053   
合计      		2,544,501	394,318 	合计      		1,938,521	38,616  	合计      		2,276,805	34,072  