大连商品交易所_日成交持仓排名_20260916
名次	会员简称	成交量	增减	名次	会员简称	持买单量	增减	名次	会员简称	持卖单量	增减
1       	国泰君安（代客）	547,222 	146,810 	1       	国泰君安（代客）	279,242 	13,880  	1       	中粮期货（代客）	625,474 	15,803  
2       	中信期货（代客）	389,563 	157,625 	2       	中信期货（代客）	274,409 	19,720  	2       	国投期货（代客）	338,767 	-801    
3       	东证期货（代客）	371,412 	65,889  	3       	东证期货（代客）	230,418 	16,824  	3       	东证期货（代客）	183,240 	-10,166 
4       	广发期货（代客）	139,236 	43,380  	4       	高盛期货（代客）	166,121 	2,052   	4       	国泰君安（代客）	150,789 	7,848   
5       	银河期货（代客）	110,692 	40,428  	5       	银河期货（代客）	126,750 	9,506   	5       	广发期货（代客）	132,144 	5,126   
6       	华泰期货（代客）	100,902 	44,133  	6       	一德期货（代客）	125,073 	9,344   	6       	华泰期货（代客）	106,322 	12,677  
7       	南华期货（代客）	89,756  	27,407  	7       	永安期货（代客）	122,294 	7,327   	7       	中信期货（代客）	101,445 	-447    
8       	国联期货（代客）	82,817  	23,061  	8       	中信建投（代客）	76,542  	-230    	8       	永安期货（代客）	97,754  	15,000  
9       	中泰期货（代客）	70,866  	25,807  	9       	摩根大通（代客）	69,935  	-3,811  	9       	中泰期货（代客）	63,552  	17,050  
10      	海通期货（代客）	59,898  	7,531   	10      	广发期货（代客）	65,408  	4,734   	10      	摩根大通（代客）	62,760  	3,013   
11      	华闻期货（代客）	55,469  	8,150   	11      	国投期货（代客）	61,635  	9,386   	11      	中金财富（代客）	53,040  	228     
12      	中信建投（代客）	50,804  	13,753  	12      	南华期货（代客）	59,011  	-6,900  	12      	长江期货（代客）	47,219  	13,670  
13      	徽商期货（代客）	45,752  	15,484  	13      	海通期货（代客）	54,513  	-3,205  	13      	银河期货（代客）	45,310  	1,720   
14      	瑞达期货（代客）	45,123  	19,148  	14      	华泰期货（代客）	51,283  	5,971   	14      	国贸期货（代客）	43,038  	669     
15      	中粮期货（代客）	44,878  	11,706  	15      	中粮期货（代客）	48,363  	-367    	15      	建信期货（代客）	39,317  	4,107   
16      	永安期货（代客）	44,451  	19,959  	16      	中泰期货（代客）	46,548  	6,798   	16      	海通期货（代客）	38,870  	193     
17      	国投期货（代客）	35,995  	19,036  	17      	国富期货（代客）	45,030  	1,245   	17      	大地期货（代客）	38,665  	1,144   
18      	五矿期货（代客）	35,728  	13,128  	18      	中金财富（代客）	38,606  	823     	18      	宏源期货（代客）	36,853  	-1,258  
19      	方正中期（代客）	34,290  	15,573  	19      	招商期货（代客）	37,594  	2,292   	19      	南华期货（代客）	30,377  	9,798   
20      	国信期货（代客）	34,251  	11,619  	20      	光大期货（代客）	37,210  	2,178   	20      	新湖期货（代客）	25,950  	4,965   
合计      		2,389,105	729,627 	合计      		2,015,985	97,567  	合计      		2,260,886	100,339 