大连商品交易所_日成交持仓排名_20260910
名次	会员简称	成交量	增减	名次	会员简称	持买单量	增减	名次	会员简称	持卖单量	增减
1       	国泰君安（代客）	537,772 	60,734  	1       	中信期货（代客）	259,155 	6,347   	1       	中粮期货（代客）	635,961 	-7,259  
2       	东证期货（代客）	352,849 	12,156  	2       	国泰君安（代客）	249,111 	-7,747  	2       	国投期货（代客）	350,871 	-6,522  
3       	中信期货（代客）	260,369 	-9,780  	3       	东证期货（代客）	217,798 	387     	3       	东证期货（代客）	190,417 	5,402   
4       	广发期货（代客）	129,474 	27,141  	4       	高盛期货（代客）	164,041 	197     	4       	国泰君安（代客）	134,662 	-7,811  
5       	华闻期货（代客）	76,755  	-23,015 	5       	银河期货（代客）	133,808 	-1,754  	5       	广发期货（代客）	127,666 	-760    
6       	中泰期货（代客）	75,710  	-25,441 	6       	永安期货（代客）	112,309 	-1,332  	6       	中信期货（代客）	107,384 	1,418   
7       	华泰期货（代客）	71,766  	2,210   	7       	一德期货（代客）	97,229  	1,273   	7       	华泰期货（代客）	92,075  	-5,413  
8       	银河期货（代客）	69,094  	9,339   	8       	广发期货（代客）	76,666  	-490    	8       	永安期货（代客）	86,853  	263     
9       	南华期货（代客）	67,562  	14,725  	9       	中信建投（代客）	74,683  	4,878   	9       	摩根大通（代客）	63,789  	-490    
10      	海通期货（代客）	61,950  	-126    	10      	摩根大通（代客）	73,848  	-5,143  	10      	中金财富（代客）	50,969  	-1,858  
11      	国联期货（代客）	57,907  	-3,220  	11      	南华期货（代客）	66,572  	-127    	11      	中泰期货（代客）	50,293  	8,142   
12      	中信建投（代客）	48,232  	11,416  	12      	国投期货（代客）	60,636  	2,132   	12      	海通期货（代客）	43,560  	1,014   
13      	中粮期货（代客）	46,362  	-4,964  	13      	华泰期货（代客）	58,268  	-2,261  	13      	国贸期货（代客）	40,412  	-503    
14      	瑞达期货（代客）	42,199  	15,231  	14      	海通期货（代客）	56,384  	-2,376  	14      	银河期货（代客）	40,377  	6,890   
15      	国投期货（代客）	39,546  	6,100   	15      	国富期货（代客）	47,277  	3,420   	15      	大地期货（代客）	39,195  	-215    
16      	徽商期货（代客）	36,245  	7,098   	16      	中粮期货（代客）	46,120  	3,589   	16      	长江期货（代客）	36,810  	-3,066  
17      	永安期货（代客）	33,931  	-25,272 	17      	中泰期货（代客）	43,447  	-5,502  	17      	宏源期货（代客）	36,762  	-975    
18      	东吴期货（代客）	32,464  	-2,771  	18      	中金财富（代客）	41,188  	-4,763  	18      	建信期货（代客）	35,667  	-857    
19      	五矿期货（代客）	30,122  	6,613   	19      	宏源期货（代客）	39,091  	-859    	19      	五矿期货（代客）	24,050  	551     
20      	国信期货（代客）	28,667  	8,423   	20      	瑞银期货（代客）	36,598  	172     	20      	南华期货（代客）	22,518  	1,085   
合计      		2,098,976	86,597  	合计      		1,954,229	-9,959  	合计      		2,210,291	-10,964 