大连商品交易所_日成交持仓排名_20260928
名次	会员简称	成交量	增减	名次	会员简称	持买单量	增减	名次	会员简称	持卖单量	增减
1       	东证期货（代客）	343,051 	2,629   	1       	国泰君安（代客）	291,009 	-228    	1       	中粮期货（代客）	542,683 	-21,390 
2       	国泰君安（代客）	282,119 	59,696  	2       	中信期货（代客）	257,337 	-13,202 	2       	国投期货（代客）	299,417 	-14,836 
3       	中信期货（代客）	268,745 	44,892  	3       	东证期货（代客）	178,946 	-13,362 	3       	东证期货（代客）	190,005 	8,197   
4       	中泰期货（代客）	95,607  	7,373   	4       	高盛期货（代客）	167,763 	272     	4       	国泰君安（代客）	150,964 	288     
5       	广发期货（代客）	87,012  	10,364  	5       	银河期货（代客）	111,773 	-3,588  	5       	广发期货（代客）	126,956 	-5,365  
6       	华泰期货（代客）	86,502  	13,886  	6       	永安期货（代客）	106,870 	-8,175  	6       	中信期货（代客）	116,088 	13,467  
7       	海通期货（代客）	72,929  	12,400  	7       	中信建投（代客）	80,736  	-647    	7       	永安期货（代客）	82,070  	-1,869  
8       	银河期货（代客）	61,169  	-11,626 	8       	南华期货（代客）	60,670  	-2,867  	8       	中泰期货（代客）	67,361  	90      
9       	华闻期货（代客）	59,089  	11,048  	9       	国投期货（代客）	59,224  	4,056   	9       	华泰期货（代客）	64,185  	-13,890 
10      	中粮期货（代客）	39,935  	4,217   	10      	广发期货（代客）	58,779  	-3,373  	10      	摩根大通（代客）	61,862  	-2,992  
11      	南华期货（代客）	39,718  	-23,782 	11      	摩根大通（代客）	57,035  	-1,311  	11      	银河期货（代客）	44,237  	-1,607  
12      	国联期货（代客）	39,356  	-5,654  	12      	中粮期货（代客）	56,727  	2,809   	12      	国贸期货（代客）	43,358  	-267    
13      	国投期货（代客）	31,848  	6,610   	13      	华泰期货（代客）	47,328  	-271    	13      	大地期货（代客）	40,541  	1,475   
14      	永安期货（代客）	31,128  	2,731   	14      	海通期货（代客）	46,205  	2,250   	14      	中金财富（代客）	38,399  	873     
15      	中信建投（代客）	28,178  	-3,275  	15      	国富期货（代客）	45,752  	-746    	15      	海通期货（代客）	37,244  	3,117   
16      	招商期货（代客）	26,717  	12,908  	16      	中泰期货（代客）	44,811  	-2,115  	16      	宏源期货（代客）	32,451  	-1,664  
17      	兴证期货（代客）	26,590  	5,776   	17      	一德期货（代客）	39,788  	1,039   	17      	建信期货（代客）	29,395  	-5,382  
18      	长江期货（代客）	25,742  	2,979   	18      	中金财富（代客）	36,532  	-2,531  	18      	浙商期货（代客）	26,964  	-12,059 
19      	东吴期货（代客）	25,010  	4,639   	19      	招商期货（代客）	35,664  	-1,141  	19      	新湖期货（代客）	26,375  	-1,253  
20      	浙商期货（代客）	24,452  	10,014  	20      	瑞银期货（代客）	34,472  	647     	20      	五矿期货（代客）	26,283  	241     
合计      		1,694,897	167,825 	合计      		1,817,421	-42,484 	合计      		2,046,838	-54,826 