大连商品交易所_日成交持仓排名_20260904
名次	会员简称	成交量	增减	名次	会员简称	持买单量	增减	名次	会员简称	持卖单量	增减
1       	国泰君安（代客）	506,313 	-200,711	1       	中信期货（代客）	267,829 	-2,725  	1       	中粮期货（代客）	637,805 	1,450   
2       	东证期货（代客）	429,383 	46,532  	2       	国泰君安（代客）	261,943 	11,146  	2       	国投期货（代客）	362,580 	-3,137  
3       	中信期货（代客）	318,357 	-86,161 	3       	东证期货（代客）	232,471 	12,597  	3       	东证期货（代客）	184,139 	-8,878  
4       	中泰期货（代客）	144,199 	35,171  	4       	高盛期货（代客）	165,500 	4,886   	4       	国泰君安（代客）	158,416 	-4,427  
5       	广发期货（代客）	143,668 	14,350  	5       	银河期货（代客）	132,681 	446     	5       	广发期货（代客）	124,865 	1,358   
6       	华闻期货（代客）	106,821 	54,360  	6       	永安期货（代客）	107,265 	-2,000  	6       	永安期货（代客）	109,856 	11,927  
7       	海通期货（代客）	96,772  	12,990  	7       	一德期货（代客）	103,306 	-997    	7       	中信期货（代客）	106,221 	-490    
8       	华泰期货（代客）	94,518  	-51,687 	8       	摩根大通（代客）	75,351  	1,322   	8       	华泰期货（代客）	104,924 	11,629  
9       	南华期货（代客）	91,676  	16      	9       	广发期货（代客）	74,818  	3,088   	9       	摩根大通（代客）	66,955  	275     
10      	银河期货（代客）	82,330  	-1,769  	10      	南华期货（代客）	64,736  	-618    	10      	长江期货（代客）	50,413  	6,045   
11      	国联期货（代客）	62,507  	-2,206  	11      	中信建投（代客）	64,063  	4,322   	11      	中金财富（代客）	50,355  	-491    
12      	中粮期货（代客）	54,323  	-14,870 	12      	国投期货（代客）	61,900  	1,288   	12      	海通期货（代客）	45,256  	2,960   
13      	永安期货（代客）	52,983  	9,130   	13      	海通期货（代客）	61,395  	6,940   	13      	宏源期货（代客）	41,051  	2,605   
14      	东吴期货（代客）	49,301  	7,120   	14      	华泰期货（代客）	61,083  	1,879   	14      	中泰期货（代客）	40,693  	3,017   
15      	中信建投（代客）	48,441  	-8,242  	15      	中金财富（代客）	51,072  	-36     	15      	国贸期货（代客）	40,401  	133     
16      	招商期货（代客）	42,244  	10,848  	16      	中泰期货（代客）	50,676  	7,550   	16      	大地期货（代客）	39,344  	991     
17      	徽商期货（代客）	39,835  	-104    	17      	中粮期货（代客）	44,010  	1,653   	17      	建信期货（代客）	37,721  	5,025   
18      	方正中期（代客）	38,716  	-14,268 	18      	国富期货（代客）	42,843  	2,232   	18      	银河期货（代客）	36,160  	1,742   
19      	瑞达期货（代客）	36,072  	-879    	19      	宏源期货（代客）	40,472  	7,395   	19      	国元期货（代客）	23,440  	6,588   
20      	宏源期货（代客）	35,660  	3,278   	20      	招商期货（代客）	40,408  	385     	20      	五矿期货（代客）	23,379  	485     
合计      		2,474,119	-187,102	合计      		2,003,822	60,753  	合计      		2,283,974	38,807  