大连商品交易所_日成交持仓排名_20260924
名次	会员简称	成交量	增减	名次	会员简称	持买单量	增减	名次	会员简称	持卖单量	增减
1       	东证期货（代客）	340,422 	47,842  	1       	国泰君安（代客）	291,237 	-5,714  	1       	中粮期货（代客）	564,073 	-5,660  
2       	中信期货（代客）	223,853 	350     	2       	中信期货（代客）	270,539 	2,688   	2       	国投期货（代客）	314,253 	-7,777  
3       	国泰君安（代客）	222,423 	-43,569 	3       	东证期货（代客）	192,308 	-5,553  	3       	东证期货（代客）	181,808 	-11,169 
4       	中泰期货（代客）	88,234  	12,448  	4       	高盛期货（代客）	167,491 	-73     	4       	国泰君安（代客）	150,676 	-1,281  
5       	广发期货（代客）	76,648  	-5,520  	5       	银河期货（代客）	115,361 	6,232   	5       	广发期货（代客）	132,321 	-3,251  
6       	银河期货（代客）	72,795  	13,896  	6       	永安期货（代客）	115,045 	156     	6       	中信期货（代客）	102,621 	-3,695  
7       	华泰期货（代客）	72,616  	9,620   	7       	中信建投（代客）	81,383  	-1,701  	7       	永安期货（代客）	83,939  	2,775   
8       	南华期货（代客）	63,500  	17,942  	8       	南华期货（代客）	63,537  	97      	8       	华泰期货（代客）	78,075  	-242    
9       	海通期货（代客）	60,529  	2,129   	9       	广发期货（代客）	62,152  	-2,167  	9       	中泰期货（代客）	67,271  	5,933   
10      	华闻期货（代客）	48,041  	-397    	10      	摩根大通（代客）	58,346  	2,493   	10      	摩根大通（代客）	64,854  	2,809   
11      	国联期货（代客）	45,010  	5,579   	11      	国投期货（代客）	55,168  	1,585   	11      	银河期货（代客）	45,844  	467     
12      	中粮期货（代客）	35,718  	-3,144  	12      	中粮期货（代客）	53,918  	-1,006  	12      	国贸期货（代客）	43,625  	-437    
13      	中信建投（代客）	31,453  	6,812   	13      	华泰期货（代客）	47,599  	-1,064  	13      	大地期货（代客）	39,066  	802     
14      	徽商期货（代客）	29,108  	2,434   	14      	中泰期货（代客）	46,926  	3,219   	14      	浙商期货（代客）	39,023  	349     
15      	一德期货（代客）	29,063  	19,925  	15      	国富期货（代客）	46,498  	282     	15      	中金财富（代客）	37,526  	146     
16      	永安期货（代客）	28,397  	-3,008  	16      	海通期货（代客）	43,955  	771     	16      	建信期货（代客）	34,777  	309     
17      	国投期货（代客）	25,238  	2,757   	17      	中金财富（代客）	39,063  	537     	17      	海通期货（代客）	34,127  	-1,110  
18      	长江期货（代客）	22,763  	10,407  	18      	一德期货（代客）	38,749  	-26,491 	18      	宏源期货（代客）	34,115  	374     
19      	冠通期货（代客）	21,878  	4,399   	19      	招商期货（代客）	36,805  	-578    	19      	新湖期货（代客）	27,628  	128     
20      	兴证期货（代客）	20,814  	10,546  	20      	兴证期货（代客）	36,131  	4,521   	20      	五矿期货（代客）	26,042  	161     
合计      		1,558,503	111,448 	合计      		1,862,211	-21,766 	合计      		2,101,664	-20,369 