大连商品交易所_日成交持仓排名_20260909
名次	会员简称	成交量	增减	名次	会员简称	持买单量	增减	名次	会员简称	持卖单量	增减
1       	国泰君安（代客）	477,038 	74,035  	1       	国泰君安（代客）	256,858 	-5,565  	1       	中粮期货（代客）	643,220 	2,209   
2       	东证期货（代客）	340,693 	1,726   	2       	中信期货（代客）	252,808 	3,391   	2       	国投期货（代客）	357,393 	-7,516  
3       	中信期货（代客）	270,149 	7,141   	3       	东证期货（代客）	217,411 	8,967   	3       	东证期货（代客）	185,015 	6,948   
4       	广发期货（代客）	102,333 	-10,089 	4       	高盛期货（代客）	163,844 	153     	4       	国泰君安（代客）	142,473 	-5,973  
5       	中泰期货（代客）	101,151 	-22,684 	5       	银河期货（代客）	135,562 	1,848   	5       	广发期货（代客）	128,426 	-3,686  
6       	华闻期货（代客）	99,770  	6,880   	6       	永安期货（代客）	113,641 	1,582   	6       	中信期货（代客）	105,966 	2,354   
7       	华泰期货（代客）	69,556  	-8,873  	7       	一德期货（代客）	95,956  	2,913   	7       	华泰期货（代客）	97,488  	434     
8       	海通期货（代客）	62,076  	-4,456  	8       	摩根大通（代客）	78,991  	11,739  	8       	永安期货（代客）	86,590  	-23,707 
9       	国联期货（代客）	61,127  	-9,451  	9       	广发期货（代客）	77,156  	205     	9       	摩根大通（代客）	64,279  	-1,017  
10      	银河期货（代客）	59,755  	-12,740 	10      	中信建投（代客）	69,805  	1,869   	10      	中金财富（代客）	52,827  	593     
11      	永安期货（代客）	59,203  	14,716  	11      	南华期货（代客）	66,699  	1,145   	11      	海通期货（代客）	42,546  	-3,488  
12      	南华期货（代客）	52,837  	-23,375 	12      	华泰期货（代客）	60,529  	2,850   	12      	中泰期货（代客）	42,151  	3,417   
13      	中粮期货（代客）	51,326  	13,062  	13      	海通期货（代客）	58,760  	-480    	13      	国贸期货（代客）	40,915  	181     
14      	方正中期（代客）	39,065  	1,794   	14      	国投期货（代客）	58,504  	-3,724  	14      	长江期货（代客）	39,876  	-5,919  
15      	中信建投（代客）	36,816  	168     	15      	中泰期货（代客）	48,949  	5,290   	15      	大地期货（代客）	39,410  	2,670   
16      	东吴期货（代客）	35,235  	5,491   	16      	中金财富（代客）	45,951  	373     	16      	宏源期货（代客）	37,737  	1,151   
17      	国投期货（代客）	33,446  	5,327   	17      	国富期货（代客）	43,857  	1,531   	17      	建信期货（代客）	36,524  	-350    
18      	齐盛期货（代客）	30,888  	20,749  	18      	中粮期货（代客）	42,531  	-835    	18      	银河期货（代客）	33,487  	1,053   
19      	徽商期货（代客）	29,147  	-4,015  	19      	宏源期货（代客）	39,950  	-121    	19      	五矿期货（代客）	23,499  	-689    
20      	兴业期货（代客）	27,342  	13,949  	20      	瑞银期货（代客）	36,426  	176     	20      	国元期货（代客）	22,461  	2,553   
合计      		2,038,953	69,355  	合计      		1,964,188	33,307  	合计      		2,222,283	-28,782 