大连商品交易所_日成交持仓排名_20260923
名次	会员简称	成交量	增减	名次	会员简称	持买单量	增减	名次	会员简称	持卖单量	增减
1       	东证期货（代客）	292,580 	-95,152 	1       	国泰君安（代客）	296,951 	-1,613  	1       	中粮期货（代客）	569,733 	-12,788 
2       	国泰君安（代客）	265,992 	-94,789 	2       	中信期货（代客）	267,851 	5,116   	2       	国投期货（代客）	322,030 	1,007   
3       	中信期货（代客）	223,503 	-50,603 	3       	东证期货（代客）	197,861 	13,419  	3       	东证期货（代客）	192,977 	3,284   
4       	广发期货（代客）	82,168  	-14,904 	4       	高盛期货（代客）	167,564 	-1,660  	4       	国泰君安（代客）	151,957 	1,227   
5       	中泰期货（代客）	75,786  	-8,453  	5       	永安期货（代客）	114,889 	-375    	5       	广发期货（代客）	135,572 	9,621   
6       	华泰期货（代客）	62,996  	11,397  	6       	银河期货（代客）	109,129 	-7,796  	6       	中信期货（代客）	106,316 	-3      
7       	银河期货（代客）	58,899  	-6,075  	7       	中信建投（代客）	83,084  	-663    	7       	永安期货（代客）	81,164  	3,868   
8       	海通期货（代客）	58,400  	-15,938 	8       	一德期货（代客）	65,240  	-2,831  	8       	华泰期货（代客）	78,317  	-3,124  
9       	华闻期货（代客）	48,438  	428     	9       	广发期货（代客）	64,319  	-2,979  	9       	摩根大通（代客）	62,045  	240     
10      	南华期货（代客）	45,558  	-25,973 	10      	南华期货（代客）	63,440  	-1,444  	10      	中泰期货（代客）	61,338  	-986    
11      	国联期货（代客）	39,431  	-9,475  	11      	摩根大通（代客）	55,853  	-2,667  	11      	银河期货（代客）	45,377  	1,143   
12      	中粮期货（代客）	38,862  	6,802   	12      	中粮期货（代客）	54,924  	6,118   	12      	国贸期货（代客）	44,062  	411     
13      	永安期货（代客）	31,405  	3,829   	13      	国投期货（代客）	53,583  	-26     	13      	浙商期货（代客）	38,674  	-427    
14      	徽商期货（代客）	26,674  	-3,686  	14      	华泰期货（代客）	48,663  	837     	14      	大地期货（代客）	38,264  	167     
15      	中信建投（代客）	24,641  	-1,328  	15      	国富期货（代客）	46,216  	189     	15      	中金财富（代客）	37,380  	-1,029  
16      	渤海期货（代客）	23,507  	10,852  	16      	中泰期货（代客）	43,707  	-544    	16      	海通期货（代客）	35,237  	-1,965  
17      	创元期货（代客）	23,141  	7,187   	17      	海通期货（代客）	43,184  	-171    	17      	建信期货（代客）	34,468  	-1,366  
18      	国信期货（代客）	22,638  	-882    	18      	中金财富（代客）	38,526  	406     	18      	宏源期货（代客）	33,741  	-695    
19      	华安期货（代客）	22,627  	1,843   	19      	招商期货（代客）	37,383  	-413    	19      	新湖期货（代客）	27,500  	-397    
20      	国投期货（代客）	22,481  	2,947   	20      	瑞银期货（代客）	33,812  	-137    	20      	五矿期货（代客）	25,881  	226     
合计      		1,489,727	-281,973	合计      		1,886,179	2,766   	合计      		2,122,033	-1,586  