大连商品交易所_日成交持仓排名_20260929
名次	会员简称	成交量	增减	名次	会员简称	持买单量	增减	名次	会员简称	持卖单量	增减
1       	东证期货（代客）	321,323 	-21,728 	1       	国泰君安（代客）	281,036 	-9,973  	1       	中粮期货（代客）	538,902 	-3,781  
2       	国泰君安（代客）	298,572 	16,453  	2       	中信期货（代客）	256,397 	-940    	2       	国投期货（代客）	287,081 	-12,336 
3       	中信期货（代客）	256,580 	-12,165 	3       	高盛期货（代客）	173,583 	5,820   	3       	东证期货（代客）	176,936 	-13,069 
4       	广发期货（代客）	90,421  	3,409   	4       	东证期货（代客）	171,640 	-7,306  	4       	国泰君安（代客）	146,078 	-4,886  
5       	中泰期货（代客）	88,492  	-7,115  	5       	银河期货（代客）	105,893 	-5,880  	5       	广发期货（代客）	133,046 	6,090   
6       	华闻期货（代客）	85,378  	26,289  	6       	永安期货（代客）	102,956 	-3,914  	6       	中信期货（代客）	103,727 	-12,361 
7       	华泰期货（代客）	63,971  	-22,531 	7       	中信建投（代客）	73,874  	-6,862  	7       	永安期货（代客）	83,346  	1,276   
8       	银河期货（代客）	63,188  	2,019   	8       	国投期货（代客）	63,896  	4,672   	8       	华泰期货（代客）	62,273  	-1,912  
9       	海通期货（代客）	63,019  	-9,910  	9       	南华期货（代客）	60,203  	-467    	9       	中泰期货（代客）	61,518  	-5,843  
10      	中粮期货（代客）	61,629  	21,694  	10      	摩根大通（代客）	56,837  	-198    	10      	摩根大通（代客）	59,562  	-2,300  
11      	国联期货（代客）	44,477  	5,121   	11      	广发期货（代客）	54,316  	-4,463  	11      	国贸期货（代客）	42,566  	-792    
12      	南华期货（代客）	43,031  	3,313   	12      	中粮期货（代客）	51,459  	-5,268  	12      	银河期货（代客）	42,421  	-1,816  
13      	中信建投（代客）	39,620  	11,442  	13      	海通期货（代客）	48,614  	2,409   	13      	大地期货（代客）	40,017  	-524    
14      	永安期货（代客）	31,830  	702     	14      	中泰期货（代客）	46,232  	1,421   	14      	中金财富（代客）	39,228  	829     
15      	瑞达期货（代客）	31,425  	7,906   	15      	国富期货（代客）	45,624  	-128    	15      	宏源期货（代客）	33,609  	1,158   
16      	东吴期货（代客）	31,384  	6,374   	16      	华泰期货（代客）	43,792  	-3,536  	16      	海通期货（代客）	33,486  	-3,758  
17      	国投期货（代客）	28,716  	-3,132  	17      	一德期货（代客）	37,228  	-2,560  	17      	建信期货（代客）	29,811  	416     
18      	徽商期货（代客）	27,874  	4,213   	18      	招商期货（代客）	36,474  	810     	18      	浙商期货（代客）	29,406  	2,442   
19      	浙商期货（代客）	26,708  	2,256   	19      	中金财富（代客）	36,078  	-454    	19      	五矿期货（代客）	26,446  	163     
20      	一德期货（代客）	25,631  	9,645   	20      	瑞银期货（代客）	34,332  	-140    	20      	新湖期货（代客）	23,672  	-2,703  
合计      		1,723,269	44,255  	合计      		1,780,464	-36,957 	合计      		1,993,131	-53,707 