大连商品交易所_日成交持仓排名_20260903
名次	会员简称	成交量	增减	名次	会员简称	持买单量	增减	名次	会员简称	持卖单量	增减
1       	国泰君安（代客）	707,024 	181,424 	1       	中信期货（代客）	270,554 	14,671  	1       	中粮期货（代客）	636,355 	-3,552  
2       	中信期货（代客）	404,518 	108,153 	2       	国泰君安（代客）	250,797 	-1,273  	2       	国投期货（代客）	365,717 	-409    
3       	东证期货（代客）	382,851 	-7,787  	3       	东证期货（代客）	219,874 	9,699   	3       	东证期货（代客）	193,017 	14,440  
4       	华泰期货（代客）	146,205 	35,596  	4       	高盛期货（代客）	160,614 	1,028   	4       	国泰君安（代客）	162,843 	245     
5       	广发期货（代客）	129,318 	10,223  	5       	银河期货（代客）	132,235 	182     	5       	广发期货（代客）	123,507 	-3,676  
6       	中泰期货（代客）	109,028 	-39,788 	6       	永安期货（代客）	109,265 	500     	6       	中信期货（代客）	106,711 	-3,071  
7       	南华期货（代客）	91,660  	1,115   	7       	一德期货（代客）	104,303 	8,323   	7       	永安期货（代客）	97,929  	3,747   
8       	银河期货（代客）	84,099  	-2,123  	8       	摩根大通（代客）	74,029  	12,313  	8       	华泰期货（代客）	93,295  	403     
9       	海通期货（代客）	83,782  	-118    	9       	广发期货（代客）	71,730  	-7,644  	9       	摩根大通（代客）	66,680  	-4,662  
10      	中粮期货（代客）	69,193  	-5,808  	10      	南华期货（代客）	65,354  	-24     	10      	中金财富（代客）	50,846  	-291    
11      	国联期货（代客）	64,713  	4,538   	11      	国投期货（代客）	60,612  	-717    	11      	长江期货（代客）	44,368  	1,384   
12      	中信建投（代客）	56,683  	4,739   	12      	中信建投（代客）	59,741  	-3,313  	12      	海通期货（代客）	42,296  	58      
13      	方正中期（代客）	52,984  	16,142  	13      	华泰期货（代客）	59,204  	1,398   	13      	国贸期货（代客）	40,268  	1,011   
14      	华闻期货（代客）	52,461  	1,070   	14      	海通期货（代客）	54,455  	2,208   	14      	宏源期货（代客）	38,446  	-1,628  
15      	永安期货（代客）	43,853  	8,562   	15      	中金财富（代客）	51,108  	-1,354  	15      	大地期货（代客）	38,353  	3,597   
16      	东吴期货（代客）	42,181  	1,684   	16      	中泰期货（代客）	43,126  	-3,115  	16      	中泰期货（代客）	37,676  	-2,269  
17      	国信期货（代客）	41,892  	3,642   	17      	中粮期货（代客）	42,357  	-4,527  	17      	银河期货（代客）	34,418  	-835    
18      	五矿期货（代客）	41,599  	-377    	18      	国富期货（代客）	40,611  	6,552   	18      	建信期货（代客）	32,696  	527     
19      	徽商期货（代客）	39,939  	-105    	19      	招商期货（代客）	40,023  	764     	19      	新湖期货（代客）	22,902  	1,633   
20      	大地期货（代客）	39,186  	-26,346 	20      	瑞银期货（代客）	36,246  	-125    	20      	五矿期货（代客）	22,894  	-439    
合计      		2,683,169	294,436 	合计      		1,946,238	35,546  	合计      		2,251,217	6,213   