大连商品交易所_日成交持仓排名_20260911
名次	会员简称	成交量	增减	名次	会员简称	持买单量	增减	名次	会员简称	持卖单量	增减
1       	国泰君安（代客）	657,197 	119,425 	1       	中信期货（代客）	249,786 	-9,369  	1       	中粮期货（代客）	629,213 	-6,748  
2       	东证期货（代客）	439,420 	86,571  	2       	国泰君安（代客）	240,922 	-8,189  	2       	国投期货（代客）	349,586 	-1,285  
3       	中信期货（代客）	352,618 	92,249  	3       	东证期货（代客）	205,328 	-12,470 	3       	东证期货（代客）	201,121 	10,704  
4       	广发期货（代客）	168,424 	38,950  	4       	高盛期货（代客）	164,705 	664     	4       	国泰君安（代客）	142,152 	7,490   
5       	华泰期货（代客）	106,918 	35,152  	5       	银河期货（代客）	129,718 	-4,090  	5       	广发期货（代客）	128,589 	923     
6       	华闻期货（代客）	105,014 	28,259  	6       	一德期货（代客）	117,244 	20,015  	6       	中信期货（代客）	104,899 	-2,485  
7       	国联期货（代客）	99,845  	41,938  	7       	永安期货（代客）	115,770 	3,461   	7       	华泰期货（代客）	96,246  	4,171   
8       	南华期货（代客）	94,641  	27,079  	8       	中信建投（代客）	77,295  	2,612   	8       	永安期货（代客）	81,804  	-5,049  
9       	中泰期货（代客）	82,932  	7,222   	9       	广发期货（代客）	74,439  	-2,227  	9       	摩根大通（代客）	62,869  	-920    
10      	银河期货（代客）	78,209  	9,115   	10      	南华期货（代客）	65,193  	-1,379  	10      	中金财富（代客）	50,542  	-427    
11      	海通期货（代客）	77,480  	15,530  	11      	摩根大通（代客）	65,112  	-8,736  	11      	中泰期货（代客）	50,489  	196     
12      	中信建投（代客）	64,211  	15,979  	12      	国投期货（代客）	58,276  	-2,360  	12      	国贸期货（代客）	41,323  	911     
13      	中粮期货（代客）	57,917  	11,555  	13      	海通期货（代客）	56,394  	10      	13      	海通期货（代客）	38,930  	-4,630  
14      	徽商期货（代客）	52,155  	15,910  	14      	中粮期货（代客）	48,925  	2,805   	14      	长江期货（代客）	38,617  	1,807   
15      	东吴期货（代客）	51,992  	19,528  	15      	华泰期货（代客）	46,403  	-11,865 	15      	银河期货（代客）	38,534  	-1,843  
16      	一德期货（代客）	50,331  	41,211  	16      	国富期货（代客）	46,226  	-1,051  	16      	大地期货（代客）	37,094  	-2,101  
17      	正信期货（代客）	45,767  	28,068  	17      	中泰期货（代客）	41,841  	-1,606  	17      	宏源期货（代客）	36,371  	-391    
18      	五矿期货（代客）	43,042  	12,920  	18      	中金财富（代客）	41,318  	130     	18      	建信期货（代客）	35,170  	-497    
19      	光大期货（代客）	41,430  	13,834  	19      	宏源期货（代客）	36,972  	-2,119  	19      	五矿期货（代客）	24,117  	67      
20      	永安期货（代客）	39,044  	5,113   	20      	瑞银期货（代客）	36,465  	-133    	20      	国元期货（代客）	21,992  	1,720   
合计      		2,708,587	665,608 	合计      		1,918,332	-35,897 	合计      		2,209,658	1,613   