大连商品交易所_日成交持仓排名_20260922
名次	会员简称	成交量	增减	名次	会员简称	持买单量	增减	名次	会员简称	持卖单量	增减
1       	东证期货（代客）	387,732 	60,157  	1       	国泰君安（代客）	298,564 	13,612  	1       	中粮期货（代客）	582,521 	-78     
2       	国泰君安（代客）	360,781 	21,170  	2       	中信期货（代客）	262,735 	20,774  	2       	国投期货（代客）	321,023 	-1,657  
3       	中信期货（代客）	274,106 	36,502  	3       	东证期货（代客）	184,442 	-14,497 	3       	东证期货（代客）	189,693 	4,199   
4       	广发期货（代客）	97,072  	-4,116  	4       	高盛期货（代客）	169,224 	-568    	4       	国泰君安（代客）	150,730 	93      
5       	中泰期货（代客）	84,239  	-2,656  	5       	银河期货（代客）	116,925 	-4,901  	5       	广发期货（代客）	125,951 	-387    
6       	海通期货（代客）	74,338  	-8,884  	6       	永安期货（代客）	115,264 	1,142   	6       	中信期货（代客）	106,319 	-3,390  
7       	南华期货（代客）	71,531  	10,290  	7       	中信建投（代客）	83,747  	1,453   	7       	华泰期货（代客）	81,441  	750     
8       	银河期货（代客）	64,974  	20,379  	8       	一德期货（代客）	68,071  	4,292   	8       	永安期货（代客）	77,296  	2,538   
9       	北京首创（代客）	52,459  	42,953  	9       	广发期货（代客）	67,298  	-81     	9       	中泰期货（代客）	62,324  	2,795   
10      	华泰期货（代客）	51,599  	-11,856 	10      	南华期货（代客）	64,884  	1,775   	10      	摩根大通（代客）	61,805  	5,578   
11      	国联期货（代客）	48,906  	-6,395  	11      	摩根大通（代客）	58,520  	1,427   	11      	银河期货（代客）	44,234  	1,163   
12      	华闻期货（代客）	48,010  	-22,691 	12      	国投期货（代客）	53,609  	841     	12      	国贸期货（代客）	43,651  	466     
13      	五矿期货（代客）	37,045  	11,748  	13      	中粮期货（代客）	48,806  	-3,634  	13      	浙商期货（代客）	39,101  	10,579  
14      	先锋期货（代客）	33,516  	26,601  	14      	华泰期货（代客）	47,826  	1,197   	14      	中金财富（代客）	38,409  	733     
15      	中粮期货（代客）	32,060  	-6,738  	15      	国富期货（代客）	46,027  	1,253   	15      	大地期货（代客）	38,097  	495     
16      	徽商期货（代客）	30,360  	3,649   	16      	中泰期货（代客）	44,251  	4,444   	16      	海通期货（代客）	37,202  	-3,827  
17      	永安期货（代客）	27,576  	-4,314  	17      	海通期货（代客）	43,355  	1,413   	17      	建信期货（代客）	35,834  	351     
18      	瑞达期货（代客）	26,249  	1,701   	18      	中金财富（代客）	38,120  	1,101   	18      	宏源期货（代客）	34,436  	-351    
19      	中信建投（代客）	25,969  	-4,402  	19      	招商期货（代客）	37,796  	4       	19      	新湖期货（代客）	27,897  	1,309   
20      	国信期货（代客）	23,520  	-566    	20      	正信期货（代客）	33,974  	340     	20      	五矿期货（代客）	25,655  	386     
合计      		1,852,042	162,532 	合计      		1,883,438	31,387  	合计      		2,123,619	21,745  