大连商品交易所_日成交持仓排名_20260918
名次	会员简称	成交量	增减	名次	会员简称	持买单量	增减	名次	会员简称	持卖单量	增减
1       	国泰君安（代客）	611,840 	107,078 	1       	国泰君安（代客）	282,361 	-6,712  	1       	中粮期货（代客）	591,686 	-34,650 
2       	东证期货（代客）	434,464 	100,744 	2       	中信期货（代客）	249,587 	-25,324 	2       	国投期货（代客）	326,066 	-16,241 
3       	中信期货（代客）	420,807 	13,186  	3       	东证期货（代客）	208,072 	-17,637 	3       	东证期货（代客）	187,314 	-4,521  
4       	广发期货（代客）	157,510 	40,547  	4       	高盛期货（代客）	175,842 	5,137   	4       	国泰君安（代客）	148,453 	1,450   
5       	海通期货（代客）	138,256 	68,774  	5       	银河期货（代客）	120,292 	-7,568  	5       	广发期货（代客）	127,194 	-16,555 
6       	中泰期货（代客）	112,184 	10,283  	6       	永安期货（代客）	115,369 	-5,151  	6       	中信期货（代客）	109,381 	7,427   
7       	华泰期货（代客）	98,034  	20,500  	7       	中信建投（代客）	80,301  	4,218   	7       	华泰期货（代客）	94,037  	-11,543 
8       	国联期货（代客）	89,447  	15,268  	8       	广发期货（代客）	67,523  	-3,813  	8       	永安期货（代客）	77,235  	-21,692 
9       	南华期货（代客）	88,653  	11,878  	9       	一德期货（代客）	62,233  	-30,991 	9       	摩根大通（代客）	64,162  	1,532   
10      	中粮期货（代客）	87,954  	52,320  	10      	南华期货（代客）	61,888  	3,458   	10      	中泰期货（代客）	59,728  	-6,818  
11      	华闻期货（代客）	84,340  	29,854  	11      	摩根大通（代客）	57,046  	-5,078  	11      	银河期货（代客）	43,300  	-2,843  
12      	银河期货（代客）	76,049  	1,892   	12      	中粮期货（代客）	56,303  	6,780   	12      	国贸期货（代客）	42,984  	-727    
13      	国投期货（代客）	66,239  	38,877  	13      	国投期货（代客）	56,149  	-7,452  	13      	海通期货（代客）	41,586  	1,322   
14      	永安期货（代客）	61,437  	23,476  	14      	北京首创（代客）	55,518  	8,545   	14      	中金财富（代客）	40,652  	-11,209 
15      	中信建投（代客）	50,956  	6,345   	15      	华泰期货（代客）	47,418  	-3,845  	15      	大地期货（代客）	38,817  	424     
16      	浙商期货（代客）	48,705  	24,150  	16      	中泰期货（代客）	44,497  	-2,626  	16      	长江期货（代客）	37,250  	-9,164  
17      	一德期货（代客）	46,936  	-2,192  	17      	国富期货（代客）	44,234  	-327    	17      	宏源期货（代客）	35,573  	-2,205  
18      	瑞达期货（代客）	43,683  	12,151  	18      	海通期货（代客）	44,117  	-10,854 	18      	建信期货（代客）	35,457  	-3,746  
19      	国信期货（代客）	43,354  	14,686  	19      	中金财富（代客）	39,410  	-2,410  	19      	南华期货（代客）	27,430  	-3,455  
20      	徽商期货（代客）	43,165  	8,836   	20      	招商期货（代客）	35,987  	-3,296  	20      	新湖期货（代客）	26,065  	-735    
合计      		2,804,013	598,653 	合计      		1,904,147	-104,946	合计      		2,154,370	-133,949