大连商品交易所_日成交持仓排名_20260930
名次	会员简称	成交量	增减	名次	会员简称	持买单量	增减	名次	会员简称	持卖单量	增减
1       	东证期货（代客）	247,062 	-74,261 	1       	国泰君安（代客）	277,697 	-3,339  	1       	中粮期货（代客）	533,346 	-5,556  
2       	国泰君安（代客）	215,551 	-83,021 	2       	中信期货（代客）	236,891 	-19,506 	2       	国投期货（代客）	286,963 	-118    
3       	中信期货（代客）	182,131 	-74,449 	3       	高盛期货（代客）	174,945 	1,362   	3       	东证期货（代客）	187,973 	11,037  
4       	广发期货（代客）	60,797  	-29,624 	4       	东证期货（代客）	165,073 	-6,567  	4       	国泰君安（代客）	144,272 	-1,806  
5       	海通期货（代客）	60,760  	-2,259  	5       	永安期货（代客）	107,612 	4,656   	5       	广发期货（代客）	129,685 	-3,361  
6       	银河期货（代客）	57,790  	-5,398  	6       	银河期货（代客）	104,191 	-1,702  	6       	中信期货（代客）	100,842 	-2,885  
7       	华闻期货（代客）	56,063  	-29,315 	7       	中信建投（代客）	76,183  	2,309   	7       	永安期货（代客）	84,289  	943     
8       	华泰期货（代客）	48,586  	-15,385 	8       	南华期货（代客）	61,736  	1,533   	8       	华泰期货（代客）	60,755  	-1,518  
9       	国联期货（代客）	36,629  	-7,848  	9       	国投期货（代客）	60,872  	-3,024  	9       	摩根大通（代客）	59,667  	105     
10      	中泰期货（代客）	35,553  	-52,939 	10      	广发期货（代客）	52,018  	-2,298  	10      	中泰期货（代客）	58,120  	-3,398  
11      	南华期货（代客）	32,828  	-10,203 	11      	中粮期货（代客）	51,137  	-322    	11      	国贸期货（代客）	42,397  	-169    
12      	永安期货（代客）	30,453  	-1,377  	12      	摩根大通（代客）	49,928  	-6,909  	12      	银河期货（代客）	42,397  	-24     
13      	国投期货（代客）	28,920  	204     	13      	中泰期货（代客）	46,213  	-19     	13      	中金财富（代客）	41,013  	1,785   
14      	中信建投（代客）	26,436  	-13,184 	14      	国富期货（代客）	45,062  	-562    	14      	大地期货（代客）	40,250  	233     
15      	中粮期货（代客）	26,020  	-35,609 	15      	海通期货（代客）	44,967  	-3,647  	15      	海通期货（代客）	33,131  	-355    
16      	兴业期货（代客）	22,832  	9,495   	16      	华泰期货（代客）	43,446  	-346    	16      	宏源期货（代客）	31,431  	-2,178  
17      	徽商期货（代客）	17,862  	-10,012 	17      	一德期货（代客）	42,465  	5,237   	17      	建信期货（代客）	29,924  	113     
18      	高盛期货（代客）	17,544  	-4,863  	18      	中金财富（代客）	35,584  	-494    	18      	浙商期货（代客）	27,222  	-2,184  
19      	摩根大通（代客）	17,000  	-2,912  	19      	招商期货（代客）	35,341  	-1,133  	19      	五矿期货（代客）	26,887  	441     
20      	五矿期货（代客）	16,831  	-8,451  	20      	瑞银期货（代客）	34,342  	10      	20      	新湖期货（代客）	22,853  	-819    
合计      		1,237,648	-451,411	合计      		1,745,703	-34,761 	合计      		1,983,417	-9,714  