大连商品交易所_日成交持仓排名_20260902
名次	会员简称	成交量	增减	名次	会员简称	持买单量	增减	名次	会员简称	持卖单量	增减
1       	国泰君安（代客）	525,600 	-71,643 	1       	中信期货（代客）	255,883 	-14,314 	1       	中粮期货（代客）	639,907 	-25,810 
2       	东证期货（代客）	390,638 	-33,464 	2       	国泰君安（代客）	252,070 	-5,856  	2       	国投期货（代客）	366,126 	829     
3       	中信期货（代客）	296,365 	-11,898 	3       	东证期货（代客）	210,175 	-9,980  	3       	东证期货（代客）	178,577 	-9,476  
4       	中泰期货（代客）	148,816 	-28,620 	4       	高盛期货（代客）	159,586 	1,288   	4       	国泰君安（代客）	162,598 	11,492  
5       	广发期货（代客）	119,095 	-8,328  	5       	银河期货（代客）	132,053 	11,253  	5       	广发期货（代客）	127,183 	-8,632  
6       	华泰期货（代客）	110,609 	-22,304 	6       	永安期货（代客）	108,765 	-3,282  	6       	中信期货（代客）	109,782 	1,725   
7       	南华期货（代客）	90,545  	4,886   	7       	一德期货（代客）	95,980  	1,195   	7       	永安期货（代客）	94,182  	-9      
8       	银河期货（代客）	86,222  	8,125   	8       	广发期货（代客）	79,374  	-3,205  	8       	华泰期货（代客）	92,892  	-3,161  
9       	海通期货（代客）	83,900  	1,626   	9       	南华期货（代客）	65,378  	-1,523  	9       	摩根大通（代客）	71,342  	4,250   
10      	中粮期货（代客）	75,001  	17,966  	10      	中信建投（代客）	63,054  	5,027   	10      	中金财富（代客）	51,137  	482     
11      	大地期货（代客）	65,532  	55,636  	11      	摩根大通（代客）	61,716  	-16,051 	11      	长江期货（代客）	42,984  	-2,974  
12      	国联期货（代客）	60,175  	-3,345  	12      	国投期货（代客）	61,329  	623     	12      	海通期货（代客）	42,238  	-531    
13      	中信建投（代客）	51,944  	2,741   	13      	华泰期货（代客）	57,806  	9,014   	13      	宏源期货（代客）	40,074  	-2      
14      	华闻期货（代客）	51,391  	-20,532 	14      	中金财富（代客）	52,462  	2,890   	14      	中泰期货（代客）	39,945  	6,050   
15      	五矿期货（代客）	41,976  	2,466   	15      	海通期货（代客）	52,247  	-1,417  	15      	国贸期货（代客）	39,257  	1,406   
16      	冠通期货（代客）	40,743  	16,546  	16      	中粮期货（代客）	46,884  	979     	16      	银河期货（代客）	35,253  	-2,399  
17      	东吴期货（代客）	40,497  	2,781   	17      	中泰期货（代客）	46,241  	-398    	17      	大地期货（代客）	34,756  	455     
18      	徽商期货（代客）	40,044  	-1,633  	18      	招商期货（代客）	39,259  	-2,714  	18      	建信期货（代客）	32,169  	-412    
19      	国信期货（代客）	38,250  	185     	19      	瑞银期货（代客）	36,371  	106     	19      	国信期货（代客）	24,297  	-2,844  
20      	方正中期（代客）	36,842  	4,581   	20      	宏源期货（代客）	34,219  	1,935   	20      	五矿期货（代客）	23,333  	788     
合计      		2,394,185	-84,228 	合计      		1,910,852	-24,430 	合计      		2,248,032	-28,773 