大连商品交易所_日成交持仓排名_20260915
名次	会员简称	成交量	增减	名次	会员简称	持买单量	增减	名次	会员简称	持卖单量	增减
1       	国泰君安（代客）	400,412 	-191,021	1       	国泰君安（代客）	265,362 	18,670  	1       	中粮期货（代客）	609,671 	-1,479  
2       	东证期货（代客）	305,523 	-99,891 	2       	中信期货（代客）	254,689 	3,828   	2       	国投期货（代客）	339,568 	-1,069  
3       	中信期货（代客）	231,938 	-78,006 	3       	东证期货（代客）	213,594 	4,196   	3       	东证期货（代客）	193,406 	1,125   
4       	广发期货（代客）	95,856  	-66,745 	4       	高盛期货（代客）	164,069 	-400    	4       	国泰君安（代客）	142,941 	-300    
5       	银河期货（代客）	70,264  	-4,934  	5       	银河期货（代客）	117,244 	-6,083  	5       	广发期货（代客）	127,018 	801     
6       	南华期货（代客）	62,349  	-23,191 	6       	一德期货（代客）	115,729 	-2,790  	6       	中信期货（代客）	101,892 	4,064   
7       	国联期货（代客）	59,756  	-26,368 	7       	永安期货（代客）	114,967 	2,461   	7       	华泰期货（代客）	93,645  	1,951   
8       	华泰期货（代客）	56,769  	-49,692 	8       	中信建投（代客）	76,772  	1,596   	8       	永安期货（代客）	82,754  	-703    
9       	海通期货（代客）	52,367  	-14,061 	9       	摩根大通（代客）	73,746  	6,635   	9       	摩根大通（代客）	59,747  	-3,296  
10      	华闻期货（代客）	47,319  	-35,668 	10      	南华期货（代客）	65,911  	-1,117  	10      	中金财富（代客）	52,812  	1,805   
11      	中泰期货（代客）	45,059  	-13,550 	11      	广发期货（代客）	60,674  	-8,791  	11      	中泰期货（代客）	46,502  	2,031   
12      	中信建投（代客）	37,051  	-12,678 	12      	海通期货（代客）	57,718  	1,624   	12      	银河期货（代客）	43,590  	4,957   
13      	中粮期货（代客）	33,172  	-37,991 	13      	国投期货（代客）	52,249  	-476    	13      	国贸期货（代客）	42,369  	1,766   
14      	徽商期货（代客）	30,268  	-11,792 	14      	中粮期货（代客）	48,730  	-607    	14      	海通期货（代客）	38,677  	99      
15      	光大期货（代客）	27,436  	-2,559  	15      	华泰期货（代客）	45,312  	302     	15      	宏源期货（代客）	38,111  	1,269   
16      	瑞达期货（代客）	25,975  	-12,080 	16      	国富期货（代客）	43,785  	-850    	16      	大地期货（代客）	37,521  	-448    
17      	永安期货（代客）	24,492  	-21,655 	17      	中泰期货（代客）	39,750  	-330    	17      	建信期货（代客）	35,210  	582     
18      	兴业期货（代客）	24,384  	-9,582  	18      	中金财富（代客）	37,783  	-149    	18      	长江期货（代客）	33,549  	1,327   
19      	国信期货（代客）	22,632  	-7,843  	19      	瑞银期货（代客）	37,132  	164     	19      	五矿期货（代客）	24,799  	220     
20      	五矿期货（代客）	22,600  	-21,599 	20      	招商期货（代客）	35,302  	1,387   	20      	申银万国（代客）	22,129  	5,212   
合计      		1,675,622	-740,906	合计      		1,920,518	19,270  	合计      		2,165,911	19,914  